-1.1869694165855813 -3.592479963583084 3.7834915996544027 -1.889908084763335 18.0 7.0
0.978369747219321 -2.264087010505622 2.4664341372544865 -1.162905824854257 -1.0 15.5
-1.1438576006728152 -0.5914823595581932 1.2877350629246285 -2.664363234745099 5.0 7.0
1.0791147304012316 -0.3539225904145015 1.1356715200156398 -0.3169202743585494 14.0 3.0
-0.12949414739449325 -0.15514050183518258 0.20208243248510996 -2.2663344280729376 4.0 6.0
0.7409985876560832 0.23755464893970848 0.7781459491259838 0.31023549324226046 1.0 5.5
-3.2733712820032235 0.8144078896130112 3.3731616860902687 2.8977457015575987 2.0 10.0
0.12949627114011703 0.9550828309137782 0.9638218186705836 1.4360317103371627 -11.0 6.5
0.44604779103174497 1.7259352541273976 1.7826416166251993 1.3178916277503436 -16.0 10.0
-1.0863475723543738 2.0604494696632725 2.329292395770849 2.055996265760106 0.0 13.5
0.0                 0.95	0.95 19.00 1.5708		17.5 # 22.00		13.00
 -0.35	            0.14	0.3770 2.7611 -11.00		36 # 23.00		49.00
