-1.1869694165855813 -3.5924799635831532 18.40000000000009 7.0
0.978369747219321 -2.2640870105055315  -0.599999999999909 15.5
-1.1438576006728152 -0.5914823595581156 5.400000000000091 7.0
1.0791147304012316 -0.35392259041439106 14.400000000000091 3.0
-0.12949414739449325 -0.15514050183524322 4.400000000000091 6.0
0.7409985876560832 0.23755464893976636  1.400000000000091 5.5
-3.2733712820032235 0.8144078896130686  2.400000000000091 10.0
0.12949627114011703 0.9550828309139004  -10.599999999999909 6.5
0.44604779103174497 1.7259352541273671  -15.59999999999991 12.5
-1.0863475723543738 2.060449469663209  0.40000000000009095 13.5
